3-hydroxy-isovaleryl carnitine	0	132.0	212.0	16.0	88.0	198.0	68.0	134.0	116.0	160.0	102.0	376.0	77.0	509.0	152.0	77.0	424.0	102.0	493.0	116.0	80.0	134.0	180.0	81.0	148.0	84.0	85.0	1045.0	164.0	64.0	272.0	68.0	32.0	189.0	340.0	223.0	112.0	340.0	32.0	204.0	164.0	120.0	194.0	192.0	80.0
L-aspartate(1-)	132.0	0	240.0	130.0	116.0	160.0	96.0	146.0	140.0	274.0	122.0	374.0	105.0	489.0	180.0	105.0	354.0	130.0	473.0	198.0	194.0	162.0	208.0	119.0	113.0	112.0	123.0	1073.0	96.0	92.0	288.0	96.0	146.0	217.0	368.0	243.0	136.0	274.0	146.0	232.0	96.0	148.0	218.0	212.0	108.0
Urate	212.0	240.0	0	200.0	212.0	288.0	180.0	258.0	210.0	344.0	192.0	452.0	201.0	633.0	276.0	201.0	514.0	146.0	617.0	294.0	264.0	178.0	288.0	189.0	224.0	208.0	193.0	1089.0	264.0	188.0	456.0	180.0	216.0	281.0	416.0	313.0	178.0	450.0	216.0	316.0	264.0	164.0	288.0	282.0	172.0
L-Carnitine	16.0	130.0	200.0	0	86.0	194.0	66.0	132.0	100.0	144.0	98.0	374.0	75.0	507.0	150.0	75.0	420.0	90.0	491.0	100.0	64.0	122.0	178.0	77.0	146.0	82.0	81.0	1033.0	162.0	62.0	256.0	66.0	16.0	187.0	338.0	219.0	96.0	338.0	16.0	202.0	162.0	108.0	178.0	188.0	78.0
4-acetamidobutanoate	88.0	116.0	212.0	86.0	0	182.0	52.0	100.0	104.0	230.0	86.0	360.0	61.0	493.0	136.0	61.0	408.0	102.0	477.0	154.0	150.0	134.0	164.0	83.0	132.0	68.0	87.0	1045.0	148.0	48.0	340.0	52.0	102.0	173.0	324.0	207.0	134.0	324.0	102.0	188.0	148.0	120.0	182.0	176.0	64.0
N-acetyl-D-glucosamine	198.0	160.0	288.0	194.0	182.0	0	162.0	228.0	214.0	338.0	160.0	470.0	171.0	585.0	246.0	171.0	482.0	178.0	569.0	264.0	258.0	210.0	256.0	157.0	209.0	178.0	161.0	1121.0	192.0	158.0	384.0	162.0	210.0	283.0	434.0	242.0	210.0	370.0	210.0	298.0	192.0	196.0	292.0	250.0	174.0
indole-3-acetate	68.0	96.0	180.0	66.0	52.0	162.0	0	98.0	74.0	210.0	66.0	340.0	41.0	473.0	116.0	41.0	388.0	70.0	457.0	134.0	130.0	102.0	144.0	63.0	96.0	48.0	67.0	1013.0	128.0	28.0	320.0	16.0	82.0	137.0	304.0	187.0	102.0	304.0	82.0	152.0	128.0	88.0	152.0	156.0	28.0
Folate	134.0	146.0	258.0	132.0	100.0	228.0	98.0	0	150.0	276.0	132.0	406.0	107.0	539.0	182.0	107.0	454.0	148.0	523.0	200.0	196.0	180.0	210.0	129.0	178.0	114.0	133.0	1091.0	178.0	94.0	370.0	98.0	148.0	219.0	370.0	253.0	180.0	356.0	148.0	234.0	178.0	149.0	228.0	222.0	110.0
L-kynurenine	116.0	140.0	210.0	100.0	104.0	214.0	74.0	150.0	0	244.0	118.0	392.0	93.0	525.0	168.0	93.0	440.0	100.0	509.0	186.0	164.0	132.0	196.0	115.0	146.0	100.0	119.0	1043.0	172.0	80.0	356.0	74.0	116.0	195.0	356.0	239.0	132.0	350.0	116.0	210.0	172.0	118.0	178.0	208.0	86.0
butyryl carnitine	160.0	274.0	344.0	144.0	230.0	338.0	210.0	276.0	244.0	0	242.0	518.0	219.0	651.0	294.0	219.0	564.0	234.0	635.0	244.0	208.0	266.0	322.0	221.0	290.0	226.0	225.0	1177.0	306.0	206.0	400.0	210.0	160.0	331.0	482.0	363.0	240.0	482.0	160.0	346.0	306.0	252.0	322.0	332.0	222.0
D-glucitol	102.0	122.0	192.0	98.0	86.0	160.0	66.0	132.0	118.0	242.0	0	374.0	75.0	507.0	150.0	75.0	386.0	82.0	491.0	168.0	162.0	114.0	160.0	61.0	146.0	82.0	65.0	1025.0	154.0	62.0	346.0	66.0	114.0	187.0	338.0	185.0	114.0	332.0	114.0	202.0	154.0	100.0	196.0	154.0	78.0
Inosine	376.0	374.0	452.0	374.0	360.0	470.0	340.0	406.0	392.0	518.0	374.0	0	349.0	781.0	424.0	349.0	696.0	342.0	765.0	442.0	438.0	374.0	452.0	371.0	420.0	356.0	375.0	1285.0	436.0	336.0	628.0	340.0	390.0	461.0	612.0	495.0	374.0	612.0	390.0	476.0	436.0	360.0	470.0	464.0	352.0
adipic acid	77.0	105.0	201.0	75.0	61.0	171.0	41.0	107.0	93.0	219.0	75.0	349.0	0	482.0	125.0	50.0	397.0	91.0	466.0	143.0	89.0	123.0	153.0	72.0	121.0	57.0	76.0	1034.0	137.0	37.0	329.0	41.0	91.0	162.0	313.0	196.0	123.0	313.0	91.0	177.0	137.0	109.0	171.0	165.0	53.0
cis-aconitate(3-)	509.0	489.0	633.0	507.0	493.0	585.0	473.0	539.0	525.0	651.0	507.0	781.0	482.0	0	557.0	482.0	829.0	523.0	16.0	575.0	571.0	555.0	585.0	504.0	538.0	489.0	508.0	1466.0	521.0	469.0	713.0	473.0	523.0	594.0	745.0	628.0	555.0	699.0	523.0	609.0	521.0	541.0	603.0	597.0	485.0
(R)-Pantothenate	152.0	180.0	276.0	150.0	136.0	246.0	116.0	182.0	168.0	294.0	150.0	424.0	125.0	557.0	0	125.0	472.0	166.0	541.0	218.0	214.0	198.0	228.0	147.0	196.0	132.0	151.0	1109.0	212.0	112.0	404.0	116.0	166.0	237.0	388.0	271.0	198.0	388.0	166.0	252.0	212.0	184.0	246.0	240.0	128.0
2-deoxy-D-ribose	77.0	105.0	201.0	75.0	61.0	171.0	41.0	107.0	93.0	219.0	75.0	349.0	50.0	482.0	125.0	0	397.0	91.0	466.0	143.0	139.0	123.0	153.0	72.0	121.0	57.0	76.0	1034.0	137.0	37.0	329.0	41.0	91.0	162.0	313.0	196.0	123.0	313.0	91.0	177.0	137.0	109.0	171.0	165.0	53.0
(S)-malate(2-)	424.0	354.0	514.0	420.0	408.0	482.0	388.0	454.0	440.0	564.0	386.0	696.0	397.0	829.0	472.0	397.0	0	404.0	813.0	490.0	484.0	436.0	482.0	383.0	467.0	404.0	387.0	1347.0	450.0	384.0	642.0	388.0	436.0	509.0	660.0	507.0	436.0	628.0	436.0	524.0	450.0	422.0	518.0	476.0	400.0
glycocholate	102.0	130.0	146.0	90.0	102.0	178.0	70.0	148.0	100.0	234.0	82.0	342.0	91.0	523.0	166.0	91.0	404.0	0	507.0	184.0	154.0	68.0	178.0	79.0	114.0	98.0	83.0	979.0	154.0	78.0	346.0	70.0	106.0	171.0	306.0	203.0	68.0	340.0	106.0	206.0	154.0	54.0	178.0	172.0	62.0
Citrate	493.0	473.0	617.0	491.0	477.0	569.0	457.0	523.0	509.0	635.0	491.0	765.0	466.0	16.0	541.0	466.0	813.0	507.0	0	559.0	555.0	539.0	569.0	488.0	522.0	473.0	492.0	1450.0	505.0	453.0	697.0	457.0	507.0	578.0	729.0	612.0	539.0	683.0	507.0	593.0	505.0	525.0	587.0	581.0	469.0
propionyl-carnitine	116.0	198.0	294.0	100.0	154.0	264.0	134.0	200.0	186.0	244.0	168.0	442.0	143.0	575.0	218.0	143.0	490.0	184.0	559.0	0	164.0	216.0	246.0	165.0	214.0	150.0	169.0	1127.0	230.0	130.0	356.0	134.0	116.0	255.0	406.0	289.0	196.0	406.0	116.0	270.0	230.0	202.0	264.0	258.0	146.0
adipoyl carnitine	80.0	194.0	264.0	64.0	150.0	258.0	130.0	196.0	164.0	208.0	162.0	438.0	89.0	571.0	214.0	139.0	484.0	154.0	555.0	164.0	0	186.0	242.0	141.0	210.0	146.0	145.0	1097.0	226.0	126.0	320.0	130.0	80.0	251.0	402.0	283.0	160.0	402.0	80.0	266.0	226.0	172.0	242.0	252.0	142.0
3-methyl-2-oxopentanoate	134.0	162.0	178.0	122.0	134.0	210.0	102.0	180.0	132.0	266.0	114.0	374.0	123.0	555.0	198.0	123.0	436.0	68.0	539.0	216.0	186.0	0	210.0	111.0	146.0	130.0	115.0	1011.0	186.0	110.0	378.0	102.0	138.0	203.0	338.0	235.0	100.0	372.0	138.0	238.0	186.0	86.0	210.0	204.0	94.0
D-glycerate	180.0	208.0	288.0	178.0	164.0	256.0	144.0	210.0	196.0	322.0	160.0	452.0	153.0	585.0	228.0	153.0	482.0	178.0	569.0	246.0	242.0	210.0	0	157.0	224.0	160.0	161.0	1121.0	240.0	140.0	432.0	144.0	194.0	265.0	416.0	281.0	210.0	416.0	194.0	280.0	240.0	196.0	274.0	250.0	156.0
(2S)-4-carbamoyl-2-(2-phenylacetamido)butanoate	81.0	119.0	189.0	77.0	83.0	157.0	63.0	129.0	115.0	221.0	61.0	371.0	72.0	504.0	147.0	72.0	383.0	79.0	488.0	165.0	141.0	111.0	157.0	0	143.0	79.0	4.0	1022.0	151.0	59.0	333.0	63.0	93.0	184.0	335.0	182.0	111.0	329.0	93.0	199.0	151.0	97.0	193.0	151.0	75.0
5-Methylthioadenosine	148.0	113.0	224.0	146.0	132.0	209.0	96.0	178.0	146.0	290.0	146.0	420.0	121.0	538.0	196.0	121.0	467.0	114.0	522.0	214.0	210.0	146.0	224.0	143.0	0	128.0	147.0	1057.0	145.0	108.0	337.0	96.0	162.0	201.0	384.0	267.0	146.0	323.0	162.0	232.0	145.0	132.0	224.0	236.0	76.0
Porphobilinogen	84.0	112.0	208.0	82.0	68.0	178.0	48.0	114.0	100.0	226.0	82.0	356.0	57.0	489.0	132.0	57.0	404.0	98.0	473.0	150.0	146.0	130.0	160.0	79.0	128.0	0	83.0	1041.0	144.0	44.0	336.0	48.0	98.0	169.0	320.0	203.0	130.0	320.0	98.0	184.0	144.0	116.0	178.0	172.0	60.0
L-glutamine	85.0	123.0	193.0	81.0	87.0	161.0	67.0	133.0	119.0	225.0	65.0	375.0	76.0	508.0	151.0	76.0	387.0	83.0	492.0	169.0	145.0	115.0	161.0	4.0	147.0	83.0	0	1026.0	155.0	63.0	337.0	67.0	97.0	188.0	339.0	186.0	115.0	333.0	97.0	203.0	155.0	101.0	197.0	155.0	79.0
phosphatidylserine	1045.0	1073.0	1089.0	1033.0	1045.0	1121.0	1013.0	1091.0	1043.0	1177.0	1025.0	1285.0	1034.0	1466.0	1109.0	1034.0	1347.0	979.0	1450.0	1127.0	1097.0	1011.0	1121.0	1022.0	1057.0	1041.0	1026.0	0	1097.0	1021.0	1289.0	1013.0	1049.0	1114.0	1249.0	1146.0	1011.0	1283.0	1049.0	1149.0	1097.0	997.0	1121.0	1115.0	1005.0
N-Acetylmethionine	164.0	96.0	264.0	162.0	148.0	192.0	128.0	178.0	172.0	306.0	154.0	436.0	137.0	521.0	212.0	137.0	450.0	154.0	505.0	230.0	226.0	186.0	240.0	151.0	145.0	144.0	155.0	1097.0	0	124.0	320.0	128.0	178.0	249.0	400.0	275.0	168.0	306.0	178.0	264.0	128.0	172.0	250.0	244.0	140.0
L-threonate	64.0	92.0	188.0	62.0	48.0	158.0	28.0	94.0	80.0	206.0	62.0	336.0	37.0	469.0	112.0	37.0	384.0	78.0	453.0	130.0	126.0	110.0	140.0	59.0	108.0	44.0	63.0	1021.0	124.0	0	316.0	28.0	78.0	149.0	300.0	183.0	110.0	300.0	78.0	164.0	124.0	96.0	158.0	152.0	40.0
O-acetylcarnitine	272.0	288.0	456.0	256.0	340.0	384.0	320.0	370.0	356.0	400.0	346.0	628.0	329.0	713.0	404.0	329.0	642.0	346.0	697.0	356.0	320.0	378.0	432.0	333.0	337.0	336.0	337.0	1289.0	320.0	316.0	0	320.0	272.0	441.0	592.0	467.0	352.0	498.0	272.0	456.0	320.0	364.0	434.0	436.0	332.0
N-benzoylglycinate	68.0	96.0	180.0	66.0	52.0	162.0	16.0	98.0	74.0	210.0	66.0	340.0	41.0	473.0	116.0	41.0	388.0	70.0	457.0	134.0	130.0	102.0	144.0	63.0	96.0	48.0	67.0	1013.0	128.0	28.0	320.0	0	82.0	137.0	304.0	187.0	102.0	304.0	82.0	152.0	128.0	88.0	152.0	156.0	28.0
isovalvaleryl carnitine	32.0	146.0	216.0	16.0	102.0	210.0	82.0	148.0	116.0	160.0	114.0	390.0	91.0	523.0	166.0	91.0	436.0	106.0	507.0	116.0	80.0	138.0	194.0	93.0	162.0	98.0	97.0	1049.0	178.0	78.0	272.0	82.0	0	203.0	354.0	235.0	80.0	354.0	32.0	218.0	178.0	124.0	194.0	204.0	94.0
L-tyrosine	189.0	217.0	281.0	187.0	173.0	283.0	137.0	219.0	195.0	331.0	187.0	461.0	162.0	594.0	237.0	162.0	509.0	171.0	578.0	255.0	251.0	203.0	265.0	184.0	201.0	169.0	188.0	1114.0	249.0	149.0	441.0	137.0	203.0	0	425.0	308.0	203.0	425.0	203.0	273.0	249.0	189.0	273.0	277.0	133.0
Xanthine	340.0	368.0	416.0	338.0	324.0	434.0	304.0	370.0	356.0	482.0	338.0	612.0	313.0	745.0	388.0	313.0	660.0	306.0	729.0	406.0	402.0	338.0	416.0	335.0	384.0	320.0	339.0	1249.0	400.0	300.0	592.0	304.0	354.0	425.0	0	459.0	338.0	576.0	354.0	440.0	400.0	324.0	434.0	428.0	316.0
N-acetylneuraminate	223.0	243.0	313.0	219.0	207.0	242.0	187.0	253.0	239.0	363.0	185.0	495.0	196.0	628.0	271.0	196.0	507.0	203.0	612.0	289.0	283.0	235.0	281.0	182.0	267.0	203.0	186.0	1146.0	275.0	183.0	467.0	187.0	235.0	308.0	459.0	0	235.0	453.0	235.0	323.0	275.0	221.0	317.0	275.0	199.0
L-phenylalanine	112.0	136.0	178.0	96.0	134.0	210.0	102.0	180.0	132.0	240.0	114.0	374.0	123.0	555.0	198.0	123.0	436.0	68.0	539.0	196.0	160.0	100.0	210.0	111.0	146.0	130.0	115.0	1011.0	168.0	110.0	352.0	102.0	80.0	203.0	338.0	235.0	0	346.0	112.0	232.0	168.0	86.0	210.0	204.0	94.0
choline	340.0	274.0	450.0	338.0	324.0	370.0	304.0	356.0	350.0	482.0	332.0	612.0	313.0	699.0	388.0	313.0	628.0	340.0	683.0	406.0	402.0	372.0	416.0	329.0	323.0	320.0	333.0	1283.0	306.0	300.0	498.0	304.0	354.0	425.0	576.0	453.0	346.0	0	354.0	440.0	306.0	358.0	428.0	422.0	316.0
tiglyl carnitine	32.0	146.0	216.0	16.0	102.0	210.0	82.0	148.0	116.0	160.0	114.0	390.0	91.0	523.0	166.0	91.0	436.0	106.0	507.0	116.0	80.0	138.0	194.0	93.0	162.0	98.0	97.0	1049.0	178.0	78.0	272.0	82.0	32.0	203.0	354.0	235.0	112.0	354.0	0	218.0	178.0	124.0	194.0	204.0	94.0
creatine	204.0	232.0	316.0	202.0	188.0	298.0	152.0	234.0	210.0	346.0	202.0	476.0	177.0	609.0	252.0	177.0	524.0	206.0	593.0	270.0	266.0	238.0	280.0	199.0	232.0	184.0	203.0	1149.0	264.0	164.0	456.0	152.0	218.0	273.0	440.0	323.0	232.0	440.0	218.0	0	264.0	224.0	288.0	122.0	164.0
N-acetyl-L-alanine	164.0	96.0	264.0	162.0	148.0	192.0	128.0	178.0	172.0	306.0	154.0	436.0	137.0	521.0	212.0	137.0	450.0	154.0	505.0	230.0	226.0	186.0	240.0	151.0	145.0	144.0	155.0	1097.0	128.0	124.0	320.0	128.0	178.0	249.0	400.0	275.0	168.0	306.0	178.0	264.0	0	172.0	250.0	244.0	140.0
D-ribitol	120.0	148.0	164.0	108.0	120.0	196.0	88.0	149.0	118.0	252.0	100.0	360.0	109.0	541.0	184.0	109.0	422.0	54.0	525.0	202.0	172.0	86.0	196.0	97.0	132.0	116.0	101.0	997.0	172.0	96.0	364.0	88.0	124.0	189.0	324.0	221.0	86.0	358.0	124.0	224.0	172.0	0	196.0	190.0	80.0
L-tryptophan	194.0	218.0	288.0	178.0	182.0	292.0	152.0	228.0	178.0	322.0	196.0	470.0	171.0	603.0	246.0	171.0	518.0	178.0	587.0	264.0	242.0	210.0	274.0	193.0	224.0	178.0	197.0	1121.0	250.0	158.0	434.0	152.0	194.0	273.0	434.0	317.0	210.0	428.0	194.0	288.0	250.0	196.0	0	286.0	149.0
creatinine	192.0	212.0	282.0	188.0	176.0	250.0	156.0	222.0	208.0	332.0	154.0	464.0	165.0	597.0	240.0	165.0	476.0	172.0	581.0	258.0	252.0	204.0	250.0	151.0	236.0	172.0	155.0	1115.0	244.0	152.0	436.0	156.0	204.0	277.0	428.0	275.0	204.0	422.0	204.0	122.0	244.0	190.0	286.0	0	168.0
dopamine 3-O-sulfate	80.0	108.0	172.0	78.0	64.0	174.0	28.0	110.0	86.0	222.0	78.0	352.0	53.0	485.0	128.0	53.0	400.0	62.0	469.0	146.0	142.0	94.0	156.0	75.0	76.0	60.0	79.0	1005.0	140.0	40.0	332.0	28.0	94.0	133.0	316.0	199.0	94.0	316.0	94.0	164.0	140.0	80.0	149.0	168.0	0
